S00:00:00 68 3A BE B5 0C 05 0D 06 03 00 01 00 01 40 00 7E BD E8 42 00 03 40 00 7E 70 19 42 00 05 40 00 FE 3B 19 42 00 16 40 00 45 18 F6 42 00 25 40 00 CD CC 7D 44 00 28 40 00 00 00 5C 42 00
R00:00:00 68 04 01 00 C0 B5
S00:00:00 68 42 C0 B5 0C 05 0D 07 03 00 01 00 01 40 00 FE CD E8 42 00 03 40 00 FE 8F 19 42 00 05 40 00 7E 5B 19 42 00 19 40 00 90 9D CD 41 00 25 40 00 33 D3 7D 44 00 27 40 00 33 33 A3 40 00 28 40 00 00 00 58 42 00
S00:00:02 68 32 C2 B5 0C 05 0D 05 03 00 01 00 01 40 00 7E 9C E8 42 00 03 40 00 FE 7A 19 42 00 05 40 00 7E 31 19 42 00 27 40 00 67 66 A6 40 00 28 40 00 00 00 60 42 00
S00:00:03 68 42 C4 B5 0C 05 0D 07 03 00 01 00 01 40 00 FE 8B E8 42 00 03 40 00 FE 65 19 42 00 19 40 00 EA 71 CD 41 00 27 40 00 CD CC BC 40 00 28 40 00 00 00 6C 42 00 B8 40 00 52 DD 49 41 00 B9 40 00 80 1B 3E 43 00
S00:00:05 68 4A C6 B5 0C 05 0D 08 03 00 01 00 03 40 00 7E 70 19 42 00 05 40 00 FE 26 19 42 00 12 40 00 15 76 4A 41 00 13 40 00 80 A2 3E 43 00 16 40 00 45 90 F6 42 00 19 40 00 90 9D CD 41 00 25 40 00 CD CC 7D 44 00 28 40 00 00 00 64 42 00
R00:00:05 68 04 01 00 C8 B5
S00:00:06 68 3A C8 B5 0C 05 0D 06 03 00 01 00 05 40 00 7E 46 19 42 00 14 40 00 AA 80 FB 3E 00 25 40 00 33 D3 7D 44 00 27 40 00 00 00 C0 40 00 28 40 00 00 00 70 42 00 2A 40 00 E2 E9 95 BC 00
S00:00:08 68 42 CA B5 0C 05 0D 07 03 00 01 00 01 40 00 FE AC E8 42 00 03 40 00 7E 85 19 42 00 05 40 00 FE 65 19 42 00 16 40 00 45 18 F6 42 00 19 40 00 EA 71 CD 41 00 28 40 00 00 00 86 42 00 2A 40 00 2D EA 93 BC 00
S00:00:09 68 3A CC B5 0C 05 0D 06 03 00 01 00 05 40 00 7E 5B 19 42 00 14 40 00 00 00 00 00 00 19 40 00 90 9D CD 41 00 27 40 00 CD CC BC 40 00 28 40 00 00 00 8E 42 00 2A 40 00 00 00 00 00 00
S00:00:11 68 5A CE B5 0C 05 0D 0A 03 00 01 00 01 40 00 7E DE E8 42 00 03 40 00 FE B9 19 42 00 05 40 00 FE 7A 19 42 00 11 40 00 46 40 FB 42 00 15 40 00 A1 A1 CB C1 00 16 40 00 46 50 FA 42 00 19 40 00 AC 7D CF 41 00 25 40 00 9A D9 7D 44 00 27 40 00 9A 99 B9 40 00 28 40 00 00 00 8C 42 00
R00:00:11 68 04 01 00 D0 B5 68 04 01 00 D0 B5
S00:00:12 68 4A D0 B5 0C 05 0D 08 03 00 01 00 01 40 00 FE CD E8 42 00 03 40 00 7E AF 19 42 00 05 40 00 7E 70 19 42 00 16 40 00 46 30 FC 42 00 19 40 00 F5 BA D2 41 00 25 40 00 33 D3 7D 44 00 27 40 00 33 33 C3 40 00 28 40 00 00 00 88 42 00
S00:00:14 68 3A D2 B5 0C 05 0D 06 03 00 01 00 01 40 00 FE EE E8 42 00 03 40 00 7E C4 19 42 00 05 40 00 7E 85 19 42 00 24 40 00 CD CC A4 42 00 25 40 00 9A D9 7D 44 00 28 40 00 00 00 84 42 00
S00:00:15 68 42 D4 B5 0C 05 0D 07 03 00 01 00 05 40 00 7E 9A 19 42 00 0E 40 00 57 C4 2C 3E 00 14 40 00 AA 80 FB 3E 00 25 40 00 33 D3 7D 44 00 27 40 00 9A 99 C9 40 00 28 40 00 00 00 86 42 00 2A 40 00 C4 EA 8F BC 00
S00:00:17 68 3A D6 B5 0C 05 0D 06 03 00 01 00 05 40 00 7E 85 19 42 00 14 40 00 00 00 00 00 00 25 40 00 CD CC 7D 44 00 27 40 00 33 33 D3 40 00 28 40 00 00 00 88 42 00 2A 40 00 00 00 00 00 00
R00:00:17 68 04 01 00 D8 B5
S00:00:18 68 3A D8 B5 0C 05 0D 06 03 00 01 00 01 40 00 FE 0F E9 42 00 05 40 00 7E 9A 19 42 00 24 40 00 9A 99 A4 42 00 25 40 00 9A D9 7D 44 00 27 40 00 9A 99 D9 40 00 28 40 00 00 00 74 42 00
S00:00:20 68 32 DA B5 0C 05 0D 05 03 00 01 00 03 40 00 7E D9 19 42 00 05 40 00 FE A4 19 42 00 25 40 00 33 D3 7D 44 00 27 40 00 00 00 D0 40 00 28 40 00 00 00 68 42 00
S00:00:21 68 4A DC B5 0C 05 0D 08 03 00 01 00 01 40 00 FE 30 E9 42 00 03 40 00 FE F8 19 42 00 05 40 00 7E C4 19 42 00 14 40 00 AA 80 FB 3E 00 16 40 00 46 B8 FB 42 00 27 40 00 9A 99 B9 40 00 28 40 00 00 00 82 42 00 2A 40 00 C4 EA 8F BC 00
S00:00:23 68 42 DE B5 0C 05 0D 07 03 00 01 00 03 40 00 7E EE 19 42 00 05 40 00 7E AF 19 42 00 14 40 00 00 00 00 00 00 16 40 00 46 30 FC 42 00 27 40 00 00 00 B0 40 00 28 40 00 00 00 8A 42 00 2A 40 00 00 00 00 00 00
R00:00:23 68 04 01 00 E0 B5 68 04 01 00 E0 B5
S00:00:24 68 42 E0 B5 0C 05 0D 07 03 00 01 00 01 40 00 FE 0F E9 42 00 03 40 00 FE CE 19 42 00 05 40 00 7E 85 19 42 00 24 40 00 67 66 A4 42 00 25 40 00 CD CC 7D 44 00 27 40 00 9A 99 A9 40 00 28 40 00 00 00 8C 42 00
S00:00:26 68 3A E2 B5 0C 05 0D 06 03 00 01 00 01 40 00 FE EE E8 42 00 03 40 00 7E C4 19 42 00 05 40 00 FE 65 19 42 00 24 40 00 9A 99 A4 42 00 27 40 00 67 66 A6 40 00 28 40 00 00 00 92 42 00
S00:00:27 68 52 E4 B5 0C 05 0D 09 03 00 01 00 01 40 00 FE CD E8 42 00 03 40 00 FE B9 19 42 00 05 40 00 FE 7A 19 42 00 0F 40 00 AA 80 FB BE 00 11 40 00 47 A8 FC 42 00 24 40 00 67 66 A4 42 00 25 40 00 33 D3 7D 44 00 27 40 00 33 33 B3 40 00 28 40 00 00 00 7C 42 00
S00:00:29 68 22 E6 B5 0C 05 0D 03 03 00 01 00 25 40 00 CD CC 7D 44 00 27 40 00 CD CC CC 40 00 28 40 00 00 00 68 42 00
S00:00:31 68 42 E8 B5 0C 05 0D 07 03 00 01 00 01 40 00 FE AC E8 42 00 03 40 00 7E AF 19 42 00 05 40 00 FE 65 19 42 00 16 40 00 47 A8 FC 42 00 25 40 00 33 D3 7D 44 00 27 40 00 CD CC DC 40 00 28 40 00 00 00 5C 42 00
R00:00:31 68 04 01 00 E8 B5
